0.9814814814814814,2.5939153439153437,2.5482804232804233,93.35317460317461,0.5231481481481481,1
0.9775913602060868,2.954241458460624,4.007794309493535,91.50965206334529,0.5507208084944762,1
1.0400809538475075,3.031369615909191,3.038409080909851,92.34634167803247,0.5437986713009811,1
1.4801919468898832,4.038281137249243,4.655253283302064,89.00635012267283,0.8199235098859864,1
1.5031847133757963,3.2738853503184715,2.845313921747043,91.44040036396724,0.9372156505914467,1
1.4654010779961952,3.0120481927710845,2.5929375396322127,92.03392517438174,0.8956880152187698,1
0.9098712446351931,1.7660944206008584,2.5890557939914163,94.22424892703862,0.5107296137339056,1
1.7762747480053847,3.545982861082838,3.501110855741975,90.1850696610522,0.9915618741176085,1
2.8490783410138247,5.756912442396313,4.967741935483871,84.95161290322581,1.4746543778801844,1
1.4515831256346348,3.5689559678759344,4.432059447983015,90.03392412074218,0.5134773377642389,1
1.017401392111369,2.0208816705336425,2.244779582366589,94.12645011600928,0.5904872389791183,1
2.4456654456654454,4.7826617826617825,5.788766788766789,85.46031746031746,1.5225885225885225,1
1.7652173913043478,4.3428571428571425,3.305590062111801,89.46583850931677,1.120496894409938,1
1.623780281053385,4.464453904984365,5.023295533034447,87.96041643119969,0.9280538497281141,1
2.469868113838581,4.8147914431753644,4.9447845017984475,86.33305988515177,1.4374960560358427,1
1.9541569541569541,3.547008547008547,3.1377881377881374,90.26288526288526,1.098161098161098,1
2.3900648285558073,4.505454450779765,4.591371813897784,87.22434845999636,1.2887604467702882,1
1.7920679812842937,3.0106742085576137,3.2152957889660745,91.0331434827375,0.9488185384545206,1
1.0129787907565686,2.619499841722064,3.3792339347894904,92.45014245014245,0.538144982589427,1
0.9575815131370686,2.9175899546269917,3.027065527065527,92.58204073018888,0.5157222749815342,1
1.0780423280423281,2.664021164021164,3.17989417989418,92.54232804232804,0.5357142857142857,1
1.8092547753564705,3.4987893462469737,2.684960990045736,90.97928436911488,1.027710519235943,1
2.0533431762566816,4.106686352513363,3.9590425022898468,88.71208082133727,1.1688471476028381,1
2.4088394671483404,3.9611086023933164,4.28990742831339,87.98825920072251,1.351885301422443,1
2.608880090497738,4.595588235294118,4.930712669683258,86.32352941176471,1.541289592760181,1
1.7439703153988868,3.281004709576138,2.7472527472527473,91.2202083630655,1.007563864706722,1
1.8399382398353061,3.624120775433179,3.1680677074398123,90.28564076170869,1.0822325155830046,1
2.105338485759267,4.638614569915558,4.870473736940031,87.156147130385,1.2294260770001433,1
2.1250287554635383,4.974695192086497,5.331262939958592,86.4274212100299,1.1415919024614676,1
2.671513472967515,4.751601177081531,5.268016848421904,85.84472909814784,1.4641394033812243,1
1.4055466821547844,2.944678379555685,2.809641353274285,91.93262668796282,0.9075068970524175,1
2.3480321600441982,4.598653697968916,4.179933411843387,87.56342594611884,1.309954784024658,1
1.7618575345662448,3.6622717461058283,3.541216965171227,89.99620792252495,1.0384458316317602,1
2.1214574898785425,4.262053735737946,3.9249171880750824,88.51969083548032,1.1718807508281193,1
2.1881547496089944,4.848466963732405,4.720099153067548,86.9610765190191,1.2822026145719598,1
2.050595238095238,4.090773809523809,4.208333333333333,88.52976190476191,1.1205357142857144,1
1.789906542056075,3.418317757009346,2.8994392523364483,90.75140186915888,1.1409345794392522,1
1.4724518737553558,2.5994206746726207,2.7020095347293465,92.4069156960956,0.8192022207470883,1
3.628431250776301,7.379518072289157,5.878151782387281,81.16383058005216,1.9500683144950939,1
0.2755824450814869,0.5020668683381112,0.4038708246883859,98.68385625366255,0.13462360822946198,1
1.8363506586204659,3.8235675815975605,3.903056258516644,89.31607293491662,1.1209525663487119,1
1.4673275074996739,4.4003521586018,4.920438241815573,88.3803965044998,0.8314855875831485,1
4.506834738479169,10.585250061389868,9.727428992387658,72.78382581648522,2.396660391258083,1
1.0799742391465892,3.3786350050365774,4.136598576547716,90.8532457023961,0.5515464768730287,1
0.9511699720924088,3.629638192116518,4.726125798834156,90.16959228495467,0.5234737520022458,1
3.3541842772612003,6.3229078613694,5.000845308537616,83.69061707523247,1.6314454775993237,1
1.6994985366855502,3.1337178455903745,3.304865734481165,90.8863749165654,0.975542966677506,1
2.975195094760312,6.03051839464883,5.8005852842809364,83.5127508361204,1.6809503901895209,1
1.7280701754385965,3.578947368421052,4.087719298245614,89.48947368421052,1.1157894736842104,1
1.15465298711372,3.6102737673418304,4.006910289632803,90.60940998113773,0.6187529747739171,1
1.0506460768240873,3.234791192906376,3.7936079820896578,91.35508664304476,0.5658681051351209,1
3.3581890338310405,4.634194088021213,4.603940132761474,85.37132280970262,2.03235393568365,1
4.551460609956432,9.776087422326976,8.335118920077138,74.88572244839654,2.451610599242911,1
1.8897016637980495,4.281411359724613,3.6790017211703963,89.03112449799197,1.1187607573149743,1
1.5252895891790776,4.102813152025325,4.976976760918052,88.56032808115691,0.8345924167206275,1
1.2734729117202677,4.009281243254911,4.417583998848838,89.56939348154543,0.730268364630549,1
1.7120075046904315,3.977846731130033,4.869028719872998,88.55354307980949,0.8875739644970414,1
3.369890329012961,6.141575274177467,6.808664914347866,81.76742499773407,1.9124444847276354,1
1.6350009980583229,3.484130872665905,3.3988422523454367,90.56018291687082,0.9218429600595206,1
1.6132251801041608,3.1502349973687553,3.103054058468071,91.28241421235052,0.8510715517084945,1
1.4121929026387625,3.221110100090992,2.8771610555050047,91.67788898999089,0.8116469517743403,1
1.4260319968398183,3.349792613075252,3.302389887418527,91.19296859569425,0.7288169069721508,1
1.1949437092632826,3.3102903416946474,3.0377246691684774,91.81117914280071,0.6458621370728816,1
1.946741581925375,4.25157282475369,4.192220947255965,88.46793020219206,1.1415344438729078,1
1.430722891566265,3.0140298034242234,3.148779327837666,91.61184210526315,0.7946258719086875,1
1.944365286393827,3.6651395251978345,3.592801245095245,89.78495802187685,1.0127359214362437,1
1.8128411407527565,3.553344001402924,3.544575725026853,90.16418597514195,0.9250531576755299,1
1.8869580480954888,3.6005792522380204,3.4777075653852907,89.90696857995437,1.1277865543268386,1
1.81154640988436,3.5021764938662443,3.4142373477553534,90.29811370531591,0.9739260431781207,1
1.6044198895027624,2.6519337016574585,3.664088397790055,91.14033149171271,0.9392265193370166,1
2.3908570406154945,4.280730005367687,4.741456432277688,87.1779388083736,1.4090177133655395,1
2.41329348908811,4.60925473150412,4.989586163180295,86.7427329530019,1.2451326632255728,1
2.235548203290139,5.87262200165426,5.507306313757927,85.2380295928683,1.1464938884293723,1
4.507857733664186,10.329932910578071,7.949636981895046,74.98161933645805,2.2309530374046505,1
6.269585253456221,12.912442396313365,10.423963133640553,67.11751152073732,3.2764976958525343,1
2.8084758793004037,5.460791850855276,5.804343647895445,84.32154526234864,1.6048433596002307,1
5.471323386940515,10.303235807014143,7.9635729509784925,73.51772912226313,2.7441387328037203,1
2.618960691249848,4.6537665814774245,4.71948399659243,86.4549105512961,1.5528781793842035,1
2.617673557844498,5.228041980178732,6.109528331750554,84.5374631699418,1.5072929602844132,1
2.5884530158034433,4.831129617454404,5.897679401952907,85.13161419144325,1.5511237733459955,1
2.21978021978022,4.312576312576312,5.333333333333334,86.7032967032967,1.431013431013431,1
2.243072863216537,4.13429115965401,4.5056932023652445,87.74617602502077,1.3707667497434395,1
1.679503105590062,4.680745341614907,3.77888198757764,88.7527950310559,1.1080745341614906,1
1.8565570677467236,4.052728233251994,4.558375889914719,88.54620009559508,0.9861387134914844,1
1.738321048527081,4.372217051143368,3.972227113783301,88.90090815325401,1.0163266332922443,1
2.555765595463138,5.010712035286705,4.930056710775047,86.04158790170132,1.461877756773787,1
2.553245116572149,4.761184625078765,4.730938878386894,86.56836798991809,1.3862633900441084,1
1.7489400363416112,3.974863718958207,4.484655764183324,88.74924288310115,1.0422975974157078,1
2.419110212335693,4.575328614762386,4.585439838220425,87.03741152679474,1.3827098078867541,1
2.398481973434535,5.381404174573055,4.35673624288425,86.38583175205567,1.4775458570524984,1
2.682703554900066,5.645120276661751,6.003661699638916,84.10212073437421,1.5663937344250625,1
2.2852273607560614,4.294161695974385,3.932656802747437,88.25625532574173,1.2316988147803858,1
1.959872956851809,3.3232628398791544,3.0753737702378188,90.5982905982906,1.0431998347406202,1
1.9671791686079618,3.393384065848734,3.5797484081379096,89.94150230367033,1.118186053735052,1
1.662781662781663,2.678062678062678,2.336182336182336,92.37762237762239,0.9453509453509453,1
2.573663624511082,4.988265971316819,5.272490221642764,85.6897001303781,1.4758800521512385,1
2.4954367666232073,4.8631029986962195,4.821382007822686,86.44589308996089,1.3741851368970013,1
1.6263346124729163,2.960294463152948,3.3309838932832116,91.18176834521105,0.9006186858798653,1
1.9787506199911244,3.537212519904978,3.586811809851985,89.83997702769729,1.0572480225546246,1
2.207574806444863,4.085582757899142,3.980958359489433,88.53055032433564,1.195333751830927,1
1.5421270356600514,2.453264910718961,2.696758653191601,92.43598470964027,0.8718646907891292,1
1.5671091445427727,3.300147492625369,3.808470290771176,90.38927517909818,0.9349978929624947,1
2.0946305156831473,4.4550770866560345,4.362041467304626,87.83359914938862,1.2546517809675706,1
1.90311892439552,3.882910265888989,4.452476792902325,88.62509926339713,1.1363947534160301,1
1.9989594457679565,3.8034995481803993,4.112927517182836,88.98655494400175,1.0980585448670555,1
2.0792133597011646,4.334212261041529,3.784882443419029,88.66183256427159,1.1398593715666887,1
2.4492382290547425,4.780009367165331,4.264815273989586,87.04300630906135,1.462930820728986,1
2.6431595365418894,4.874108734402852,4.940953654188948,85.94028520499108,1.6014928698752227,1
3.050420168067227,5.918767507002801,5.689075630252101,83.61624649859945,1.7254901960784312,1
3.050420168067227,5.918767507002801,5.689075630252101,83.61624649859945,1.7254901960784312,1
2.6255804136766567,4.561699732657943,4.547629098072322,86.70325031658928,1.561840439003799,1
2.3582383565498803,4.156465456592092,3.9144505417194315,88.23132123258759,1.3395244125510062,1
2.9071734716896005,5.007895330475975,5.363185201894879,84.99041281299345,1.7313331829460863,1
2.526505752312204,4.486239566884728,4.762576133543876,86.71046695240243,1.514211594856756,1
2.446940618649808,3.7903589975163694,4.148792052382028,88.26484533754798,1.3490629939038157,1
2.5791855203619907,4.601244343891403,4.867081447963801,86.3829185520362,1.5695701357466063,1
2.395243811810438,4.4389184245126625,5.013433945006574,86.71182758817812,1.440576230492197,1
2.380952380952381,5.1020408163265305,5.1020408163265305,86.06299662722232,1.3519693591722404,1
1.7709529276693454,4.024110218140069,3.389781859931114,89.80195177956372,1.013203214695752,1
2.078548461185117,4.6853468075333025,4.352319706017456,87.67225539733579,1.2115296279283416,1
1.9263895268718418,4.40112540192926,4.312126779972439,88.22634359209923,1.1340146991272393,1
2.729285899168848,5.06456529866843,5.585114031808116,85.09965200885794,1.5213827614966495,1
2.4762014322280064,4.313939777400708,4.659054959592765,87.1502113830491,1.4005924477294298,1
2.5043177892918824,4.533678756476684,4.447322970639033,87.14162348877375,1.3730569948186528,1
2.22926267281106,4.821428571428572,4.495967741935484,87.11117511520737,1.3421658986175116,1
2.5647683341988343,4.315965610755294,4.716981132075472,86.9799780739715,1.4223068489989037,1
2.7725359268398897,5.91377558426477,6.3405428944694435,83.13253012048193,1.8406154739439688,1
2.241514474028048,4.372695334049534,4.279782816991377,87.81394268459104,1.2920646903400017,1
2.166023053918295,4.227519526146163,3.9400714264974885,88.38883888388838,1.2775471095496647,1
2.3325567850902735,4.70005824111823,4.105998835177636,87.55096097845079,1.3104251601630752,1
2.202565236620964,4.37859354268023,3.9363113666519243,88.28836797877045,1.1941618752764263,1
2.2497420020639836,3.9038773404098484,3.886186053368716,88.77782692024178,1.1823676839156714,1
2.1955322099920327,4.821908106353469,5.0579868386106765,86.65860064331454,1.2659722017292767,1
1.8478260869565217,3.1828316610925307,2.516722408026756,91.39074693422519,1.0618729096989967,2
1.7566137566137567,3.259259259259259,2.412698412698413,91.6130007558579,0.9584278155706727,2
1.9020226387084802,2.956640069276922,2.294798045401126,91.73625286076576,1.1102863858477146,2
2.0553100965472098,3.194239895270823,2.330224185894289,91.29438717067583,1.1258386516118475,2
1.7327069716775598,3.1488289760348587,2.202478213507625,91.83006535947712,1.0859204793028323,2
2.3684390144017473,3.9997269810934406,2.798443792232612,89.55020135144359,1.2831888608286124,2
1.9731002935754762,3.7174848091759403,2.5704922509728956,90.59875742472862,1.1401652215470746,2
2.3901764095468696,4.019370460048426,2.9228640608785885,89.45001729505361,1.2175717744725008,2
2.0190407760014373,3.596191844799713,2.834560804742231,90.31075983474044,1.2394467397161846,2
2.27239832103054,3.4701114488348535,2.43161094224924,90.62816616008107,1.1977131278043132,2
2.06422856307771,3.284498191516569,2.283438675970918,91.24255598991633,1.1252785795184685,2
2.383040935672515,3.702485380116959,2.8435672514619883,89.57236842105263,1.4985380116959064,2
2.333544233131118,3.9376232833376754,2.780155569615542,89.67211284379768,1.27656407011798,2
2.2433743934303845,3.7178051511758117,2.6577081000373273,90.0970511384845,1.2840612168719672,2
2.026415094339623,3.267924528301887,2.5924528301886793,91.01509433962264,1.0981132075471698,2
2.4129806961544307,4.3927648578811365,3.1159750721994226,88.75968992248062,1.3185894512843899,2
2.1711852161679155,3.4259857789269557,2.3841210692421764,90.76770979885167,1.2509981368112857,2
1.8668831168831168,3.3936301793444654,2.427334570191713,91.19897959183673,1.1131725417439702,2
2.2868941873149446,4.351721988468132,3.182951534985196,88.96680691912108,1.2116253701106436,2
2.199046949457074,3.6715881571752207,2.4334036403405985,90.58276697133036,1.1131942816967424,2
2.1229666390956714,4.112017015242822,2.891015794241601,89.66875418488321,1.205246366536689,2
2.2294252510079846,3.4864416159380185,2.6563364692861096,90.44193216855088,1.1858644952170132,2
2.1977150111075847,3.9431926372580133,2.6737543636940653,89.9158997143764,1.2694382735639478,2
1.8359561278016214,2.9605786043554283,2.114131298680655,92.01239866475917,1.0769353044031156,2
1.8451953031392285,3.2790158958383255,2.2086428628484702,91.66866363128045,0.9984823068935219,2
2.036783092683714,3.521013148342341,2.9281277728482697,90.33637170283133,1.1777042832943454,2
1.8338201882505683,3.1686140863356056,2.560045439792275,91.3258682246024,1.1116520610191496,2
2.341164453524004,4.416751787538304,3.027579162410623,89.02145045965271,1.1930541368743617,2
2.183496065587278,3.7943393894450623,2.4842417500926954,90.26902319449594,1.2688996003790218,2
1.979296066252588,2.9151138716356106,2.10351966873706,91.93374741200829,1.0683229813664596,2
1.9617748589711208,3.3846931043192723,2.525890376357666,91.05413825039993,1.073503409952008,2
2.376002376002376,4.650176078747507,3.317917603631889,88.38304552590267,1.2728584157155587,2
2.319148936170213,4.08936170212766,2.9361702127659575,89.34893617021277,1.3063829787234043,2
2.233303499126284,3.8656608276861437,2.629672249925415,90.09078123002173,1.180582193240421,2
2.331182795698925,4.025806451612903,3.1612903225806455,89.20430107526882,1.2774193548387098,2
2.0792079207920793,3.8226431338786053,3.275936289281102,89.53077916487301,1.2914334911752046,2
2.477769144435811,3.595786929120263,2.51661918328585,90.08460675127343,1.3252179918846585,2
2.198039469706784,4.1758431575765425,3.4460422334499285,88.93639072418708,1.2436844150796735,2
1.8518518518518516,3.080650744202146,1.9254067151263412,92.05174800969193,1.0903426791277258,2
1.9130661114003122,2.958528544161027,2.299149748394933,91.7924692000694,1.0367863959743189,2
1.8953620403528695,3.030832387108044,2.0613153987247794,91.97746528081055,1.0350248930037558,2
1.9502383138746775,3.633739997376361,2.523066159429796,90.69045432681796,1.2025012025012025,2
1.9148936170212765,3.284574468085107,2.517730496453901,91.21897163120568,1.0638297872340425,2
2.102928127772848,3.7577639751552794,2.697426796805679,90.39929015084294,1.0425909494232475,2
2.181640451435173,4.3588376432951215,3.301341864391718,88.92739713854083,1.2307829023371546,2
2.0447255880256594,3.398966500356379,2.3031004989308625,91.15734141126158,1.0958660014255166,2
2.3919996396234064,4.374070904094779,3.16230460831569,88.6706608405784,1.40096400738772,2
2.340185227016038,3.8762141405014683,2.5976959566297717,89.89383329568557,1.2920713801671562,2
2.0528124434798336,2.708446373666124,1.6775185386145777,92.47603544944837,1.0851871947911014,2
2.439580483356133,4.135886912904697,2.831737346101231,89.28864569083447,1.3041495668034655,2
2.4748858447488584,4.36986301369863,2.936073059360731,88.86301369863013,1.356164383561644,2
2.348901098901099,4.294871794871795,3.086080586080586,89.07509157509158,1.195054945054945,2
2.111572153065929,3.1996311664361454,2.3144306131858,91.12955278930383,1.2448132780082988,2
2.340484814711619,4.077273149438098,2.9023869230054795,89.48639361010495,1.1934615027398532,2
1.9682094436652642,4.067321178120617,3.0247779336138385,89.83169705469845,1.1079943899018234,2
1.9490254872563717,3.593515742128935,2.4831334332833586,90.78898050974513,1.1853448275862069,2
2.308236960113288,3.4269530328062308,2.4262449846589567,90.69152702383762,1.1470379985839037,2
2.3816287878787876,4.322916666666667,2.9261363636363638,89.18560606060606,1.183712121212121,2
2.237709192623145,3.873322903332859,2.8161001280045515,89.8876404494382,1.185227326601242,2
2.1325209444021325,3.7509520182787512,2.5704493526275707,90.47029702970298,1.0757806549885758,2
1.9129854021562829,2.995897338040263,2.0417899055433644,91.8757752122889,1.1735521419711858,2
2.3041694494800113,3.7496422097128135,2.6428775880164106,90.11067646216964,1.192634290621124,2
2.1455938697318007,3.5584291187739465,2.4042145593869733,90.77586206896552,1.1159003831417624,2
2.3850574712643677,3.4578544061302683,2.3227969348659006,90.44061302681993,1.3936781609195403,2
2.5551684088269457,4.1715060007742935,2.961672473867596,88.96631823461092,1.3453348819202477,2
2.258816671524337,2.953463518896337,1.8070533372194695,91.72738754493345,1.2532789274264065,2
1.9567757009345792,3.699376947040498,2.7988707165109035,90.38161993769471,1.1633566978193146,2
1.8113465481886533,3.324870618103701,2.6657552973342447,91.0409139732448,1.1571135631286007,2
2.36697965571205,3.384194053208138,2.7142018779342725,90.39514866979655,1.1394757433489828,2
2.6676456191874696,4.155653450807636,2.7998042094958397,89.01615271659324,1.36074400391581,2
2.5795398923152226,4.2829172785119916,2.941752325012237,88.8546255506608,1.3411649534997552,2
2.083333333333333,3.9068627450980395,2.686274509803922,90.15686274509804,1.1666666666666667,2
2.353171879596039,4.078831257966467,2.789489165604471,89.45484851456025,1.323659182272772,2
2.250220609863712,4.2160996176095695,3.088538091969801,89.18031179527405,1.264829885282871,2
1.8642400393507133,3.2562715199212984,2.6168224299065423,91.09690113133301,1.1657648794884408,2
1.8575391321577175,3.804240142659005,2.8185060431939766,90.46958589260947,1.0501287893798295,2
2.299192309598137,4.008721074277786,2.9384074129131363,89.42074228234478,1.3329369208661612,2
2.1002979145978156,3.6494538232373386,2.6613704071499504,90.4121151936445,1.1767626613704072,2
2.252791068580542,4.121810207336523,3.0103668261562997,89.39393939393939,1.221092503987241,2
2.2774947557686547,4.245330136849466,2.8868244930576368,89.29177904305264,1.2985715712716013,2
2.018229166666667,3.460536858974359,2.488982371794872,90.8954326923077,1.1368189102564101,2
2.275689223057644,4.320802005012531,2.9573934837092732,89.21804511278195,1.2280701754385965,2
2.410426731078905,4.5893719806763285,3.2407407407407405,88.47121578099839,1.288244766505636,2
2.1389563106796117,3.585153721682848,2.366504854368932,90.60477346278317,1.3046116504854368,2
2.5674786043449638,4.309515369423203,2.891578467615334,88.9907327695346,1.240694789081886,2
2.3252279635258355,4.022289766970618,2.6443768996960486,89.71631205673759,1.2917933130699089,2
2.1861813005236668,3.426712085006864,2.43022014337282,90.59942040774823,1.3574660633484164,2
1.9120264429188916,4.037630307653191,2.913806254767353,90.08390541571319,1.0526315789473684,2
2.588749872851185,4.2671142304953715,3.1176889431390498,88.50066117383786,1.5257857796765335,2
2.2510021584952207,4.25531914893617,2.8625758042964335,89.49018398602118,1.1409189022510022,2
2.196841076297783,3.477902968565108,2.6753099758193137,90.43576683644595,1.2141791428718425,2
2.0307184826306566,3.747036388001237,2.6595196371508094,90.43397587877539,1.128749613441913,2
1.9484536082474226,3.7371134020618557,2.4948453608247423,90.71649484536083,1.1030927835051547,2
2.1649484536082473,4.087628865979381,2.88659793814433,89.52061855670102,1.3402061855670102,2
2.160206718346253,3.7260981912144704,2.785529715762274,90.04651162790698,1.2816537467700257,2
2.2934827729348277,4.555832295558323,3.414279784142798,88.56890826068908,1.1674968866749689,2
1.8177083333333333,3.7760416666666665,2.8229166666666665,90.55729166666666,1.0260416666666665,2
2.4456521739130435,4.002926421404682,2.9002926421404682,89.45965719063545,1.1914715719063547,2
2.030350601779173,4.003139717425432,2.7577184720041865,90.06279434850863,1.1459968602825745,2
2.2146596858638743,3.481675392670157,2.1256544502617802,90.98952879581151,1.1884816753926701,2
3.0409663865546217,5.173319327731092,3.3718487394957983,87.01680672268908,1.397058823529412,2
2.0853130609228168,3.9013831696758525,2.8191320874247703,90.0010558547144,1.193115827262169,2
3.266384778012685,5.5813953488372094,3.678646934460888,85.94080338266384,1.53276955602537,2
1.9987309644670053,3.251903553299492,2.379441624365482,91.13790186125212,1.2320219966159052,2
2.1687384289870404,4.289870404654853,3.0573922242792912,89.32557524464427,1.1584236974345412,2
1.9312169312169312,3.5132275132275135,2.402116402116402,91.03174603174602,1.1216931216931216,2
1.9714407502131288,3.7404092071611252,2.749360613810742,90.53175618073315,1.0070332480818414,2
2.3238380809595203,4.02120368387235,3.0092096808738487,89.48918397943885,1.1565645748554294,2
2.12720008638376,4.157218442932729,2.8830579850988016,89.56916099773242,1.2633624878522838,2
2.12328025132705,3.796988408623118,2.5024374390640234,90.52648683782905,1.0508070631567545,2
1.9967444384156268,3.998914812805209,3.3803581117742807,89.46825827455235,1.155724362452523,2
2.116804168475901,3.6799826313504127,2.816977854971776,90.26270082501085,1.1235345201910552,2
1.8617310832879694,2.9069134458356016,1.9488296135002723,92.29722373434949,0.985302123026674,2
2.3689405571397235,4.041456459749945,2.752796665935512,89.4165387146304,1.4202676025444176,2
2.6491882404563407,4.212373848179026,2.6382185168933745,88.84379113646335,1.6564282580078982,2
2.39010989010989,4.769230769230769,3.4615384615384617,88.01648351648352,1.3626373626373627,2
1.9245744799199023,3.1927911892312824,2.28612748915341,91.47291133607742,1.1235955056179776,2
2.3284313725490198,4.19451871657754,2.824197860962567,89.62232620320856,1.0305258467023173,2
2.0128240869807636,3.356565374965152,2.4031223863953164,91.04544187343184,1.1820462782269305,2
2.375761641232042,4.2651908994354075,2.8173738051316453,89.26155738163118,1.2801162725697357,2
2.87317620650954,4.236812570145903,2.6992143658810326,88.81593714927048,1.3748597081930416,2
2.0720720720720722,4.425675675675675,3.1475225225225225,89.13288288288288,1.2218468468468469,2
2.31859410430839,4.404761904761905,3.0385487528344672,89.0249433106576,1.2131519274376417,2
2.2869140846668934,4.114175462490069,2.8089887640449436,89.48473499035296,1.3051866984451255,2
1.9237316990125979,4.046078765179889,2.8827601861309726,89.97276132107592,1.1746680286006128,2
2.0675514039984053,3.480093410035883,2.4434698410890245,90.69317081505952,1.315714529817167,2
2.2020132692747656,3.723404255319149,2.842598947609243,89.90505605124686,1.3269274765499885,2
2.231121281464531,4.1819221967963385,2.757437070938215,89.74256292906179,1.0869565217391304,2
1.9059065934065935,3.9720695970695967,3.1707875457875456,89.8695054945055,1.0817307692307692,2
2.3480662983425415,4.4371546961325965,3.3839779005524857,88.46109576427256,1.3697053406998159,2
2.4398704902867716,3.6366790009250693,2.6364477335800185,89.94565217391305,1.341350601295097,2
2.5685525859076708,3.88753904894134,2.8693740599328934,89.26298738863821,1.4115469165798913,2
2.476024411508283,4.097646033129904,2.952630049404243,89.17175239755885,1.3019471083987213,2
0.9360420048849692,1.1266630590047728,2.031991185604454,95.42704478863489,0.478258961870914,3
1.519327065096005,1.8399438020101588,2.9188731582549803,92.87078064771785,0.8510753269209985,3
0.7911764705882353,1.2264705882352942,2.5823529411764707,94.99803921568628,0.4019607843137255,3
1.0676923076923077,1.8974358974358976,3.4892307692307694,93.06256410256411,0.48307692307692307,3
0.8439678284182305,1.420911528150134,2.2981233243967827,95.04343163538874,0.3935656836461126,3
1.277027027027027,1.2511261261261262,1.6362612612612613,95.03941441441441,0.7961711711711712,3
1.1454545454545455,1.8068181818181817,2.5352272727272727,93.9090909090909,0.6034090909090909,3
1.7203932327389118,2.8257887517146774,5.01143118427069,89.60333790580705,0.8390489254686785,3
1.5554524601149513,2.6495528235263794,3.9472666821309828,90.99074718420577,0.8569808500219078,3
0.8780332056194126,1.0456577266922094,1.9843550446998723,95.52362707535121,0.5683269476372925,3
1.0116666666666667,1.5933333333333335,1.7566666666666668,95.04,0.5983333333333334,3
0.8166666666666665,1.2966666666666666,1.6183333333333334,95.77166666666666,0.4966666666666667,3
2.0771815497403523,3.461969249567254,5.372840511828395,87.86613718901674,1.2218714998472662,3
2.1050818260120585,3.207579672695952,4.449612403100775,89.39190353143842,0.8458225667527993,3
1.6660714285714286,2.7035714285714283,2.6392857142857142,92.13392857142857,0.8571428571428572,3
1.5959921273930935,2.070137770620862,2.4154589371980677,92.96117373412059,0.9572374306673823,3
0.9501626737651583,1.0388938183969239,3.1869269446909194,94.20289855072464,0.6211180124223602,3
1.911111111111111,3.089855072463768,3.198067632850241,90.81739130434782,0.9835748792270532,3
1.487929248665445,3.0077284678511673,4.660983188590551,90.03864233925583,0.804716755637001,3
1.4751487721062777,2.019948034531892,3.4259492079456875,92.30366272734892,0.7752912580672199,3
2.843319052795362,4.230875801948121,4.1967730247032,87.23277276893236,1.4962593516209477,3
2.4369129550274855,3.2766307405964596,4.239709128684586,88.64216768385059,1.4045794918408865,3
2.8317734581233505,3.772061871413923,5.242489691733752,86.63525099810197,1.5184239806270043,3
1.770860695210577,2.1736275282374575,2.7208650731109363,92.25549426495053,1.0791524384904998,3
2.579365079365079,4.753086419753086,5.0661375661375665,86.31834215167548,1.2830687830687832,3
1.5130461633472287,2.5143915834050157,4.210503098877346,91.02097531926157,0.7410838351088467,3
1.7093441150044926,1.482479784366577,2.6639712488769094,93.01886792452831,1.1253369272237197,3
1.436936936936937,1.4414414414414414,1.9414414414414414,94.33333333333334,0.8468468468468469,3
1.4677640603566529,2.5308641975308643,4.737082761774119,90.61728395061729,0.6470050297210791,3
1.6369455875628713,2.780064014631916,3.9163237311385464,90.93507087334248,0.7315957933241883,3
2.022497704315886,3.0922865013774103,5.275482093663912,88.54453627180901,1.0651974288337924,3
1.6685440720923685,3.0695578710222473,4.9938984323664695,89.47244907537782,0.795550549141087,3
2.10390725633319,3.2918276799771005,5.4100472305710605,88.12795191069128,1.0662659224273652,3
0.9263376315399436,1.358628526258584,2.4504718146336644,94.65935477496171,0.6052072526060965,3
2.5947507345983367,3.9269883958364464,5.15214901140495,86.92414960904428,1.401962249115992,3
1.829771278590176,2.9671291088613923,4.529433820772404,89.70128733908261,0.9723784526934133,3
1.600224592925323,2.695115103874228,4.736868970445613,90.14598540145985,0.8218059312949824,3
1.9634585692228514,2.503860010293361,2.6325270200720534,91.83736489963972,1.062789500772002,3
1.984484935955259,3.365892631633206,3.5643411252287307,90.0672663075694,1.018014999613412,3
2.7061158217571712,4.747300327311152,4.778227365274091,86.36890801783458,1.3994484678229941,3
2.725563909774436,4.403866809881848,5.233619763694952,86.38023630504833,1.2567132116004296,3
2.3147153598281416,3.3055853920515577,4.154135338345865,88.93125671321161,1.2943071965628357,3
2.4671052631578947,4.21160483175151,5.0609361518550475,87.11443054357204,1.145923209663503,3
2.5005562972852693,3.215398308856253,3.240431686693369,89.57220738762794,1.4714063195371607,3
2.755859828266419,4.525411928521699,5.717683917382224,85.74785333023904,1.2531909955906242,3
2.3640661938534278,3.1812742608644897,3.493564486472288,89.62437614919885,1.3367189096109506,3
2.1263289555972484,2.0995264897703922,1.4890258792697817,93.20110783525418,1.084010840108401,3
1.1095204008589834,2.6008112622285853,8.023144834168457,87.6521116678597,0.6144118348842759,3
2.323551542513168,3.2626034612490593,3.199398043641836,89.93528969149736,1.2791572610985704,3
2.141973632606269,3.1254713850423865,3.3276012912179085,90.33698373910157,1.067969952031858,3
3.29453840092138,4.415954415954416,5.143359398678548,85.89440504334121,1.2517427411044433,3
1.871951219512195,2.4115853658536586,2.216463414634146,92.4908536585366,1.0091463414634148,3
2.371783116327404,3.5790696252827185,3.3559508527416098,89.43089430894308,1.2623020967051777,3
2.5272972641393694,3.790945896209054,4.076186970923813,88.24684087841983,1.3587289903079378,3
2.046783625730994,2.4822695035460995,2.0436730123180293,92.16747542615403,1.2597984322508398,3
2.0521457085828345,2.756986027944112,3.4275199600798403,90.77158183632734,0.9917664670658682,3
2.121326063796453,2.212195274801028,1.9145202732343172,92.4735225919659,1.2784357962022936,3
2.2738725119677503,3.0139833711262285,4.053287981859411,89.58175862937767,1.0770975056689343,3
1.8803418803418803,1.9088319088319088,1.9594808483697372,93.12124089901867,1.1301044634377968,3
2.3044871794871793,4.041666666666666,5.0576923076923075,87.42307692307692,1.1730769230769231,3
3.0043331728454503,4.182314235275237,5.491895361900177,85.60423688011555,1.7172203498635852,3
1.9993540051679586,2.290051679586563,2.3320413436692506,92.26744186046511,1.1111111111111112,3
2.390750538898687,2.9917042262721276,3.484878176236201,89.71520020902737,1.4174668495656149,3
2.844884488448845,5.264026402640265,5.429042904290429,84.993399339934,1.4686468646864685,3
2.232823163055721,2.431590803683827,2.789372556814417,91.26416219439474,1.282051282051282,3
1.4262023217247097,2.3051409618573797,2.6633499170812605,92.67661691542288,0.9286898839137645,3
1.6066666666666667,2.56,3.51,91.47999999999999,0.8433333333333333,3
1.8366666666666667,3.0133333333333336,2.1233333333333335,92.25999999999999,0.7666666666666666,3
1.8299862078245366,2.082282100447405,1.6516971103710432,93.35284421569618,1.083190365660847,3
2.817472382689774,4.523495827843654,5.705888314583967,85.736968345664,1.2161751292186074,3
2.4871586915382533,3.65639361989727,4.045012165450122,88.54758042714246,1.2638550959718842,3
2.865572436245252,3.2453879544221382,3.631985892566468,88.57840477482367,1.678648941942485,3
2.4803203040173725,3.844326818675353,6.202497285559175,86.18010314875136,1.2927524429967427,3
2.2651520304741175,3.2310727161417594,4.744575198966057,88.2116862798449,1.5475137745731582,3
2.0032650840078903,3.669818379702061,5.39759200054418,87.7967485205088,1.1325760152370588,3
3.061849357011635,3.902156902769273,3.728652105871947,87.50765462339253,1.7996870109546166,3
2.175546448087432,3.4187158469945356,5.2219945355191255,87.83811475409836,1.3456284153005464,3
2.235897435897436,2.847863247863248,2.5846153846153843,90.93675213675215,1.3948717948717948,3
1.9433226329778053,2.4714369541955747,2.2746884815850335,92.05067136101619,1.259880570225398,3
2.060643778307921,2.8143691871520935,3.035646371399924,90.86885869377312,1.2204819693669398,3
1.944905869324474,2.903516057585825,3.0696290143964564,91.28253045404207,0.7994186046511629,3
2.841346490307229,2.7818601721604033,2.750367415494436,89.85233396318847,1.7740919588494646,3
3.3312227381454904,3.901083438863093,5.002110595187843,85.90122414520896,1.864359082594625,3
2.102292768959436,2.4902998236331566,3.1040564373897706,91.00176366843033,1.3015873015873016,3
2.243544518131791,3.7321856921123184,4.06377874982362,88.72583603781572,1.2346550021165514,3
2.5243609659652595,3.392882361248412,3.8377347832227087,88.82220025420139,1.422821635362237,3
2.8097470872406936,4.141801648195511,4.234157431088378,87.4147485080989,1.3995453253765273,3
1.8834399431414357,3.0881307746979387,2.935323383084577,91.10518834399431,0.9879175550817342,3
1.6488983653162759,2.3383084577114426,2.398720682302772,92.82871357498223,0.785358919687278,3
1.6425120772946862,2.1005546609411345,2.7053140096618358,92.6212202540705,0.9303989980318483,3
1.6496689926641617,2.1363392377885133,2.2866344605475044,92.88960458042584,1.0377527285739845,3
1.5810276679841897,1.954725116780453,2.56198347107438,92.99676607977003,0.9054976643909449,3
1.8690909090909091,2.294545454545455,2.8363636363636364,92.0509090909091,0.9490909090909092,3
2.407657739943736,4.011545065945709,4.968762558912718,87.39176500675899,1.2202696284388586,3
2.1788653733098178,2.6455026455026456,2.3589065255731922,91.6005291005291,1.216196355085244,3
2.5788387857353374,2.788829944002358,3.186707928087239,89.87253168287651,1.5730916592985558,3
1.533582089552239,1.8171641791044777,2.432835820895522,93.26865671641791,0.9477611940298508,3
2.2526636225266365,2.671232876712329,2.317351598173516,91.25951293759513,1.4992389649923896,3
1.7459892024351955,2.5041160929662674,2.450511161312555,92.36129723934602,0.9380863039399625,3
2.1256038647342996,3.335265700483092,3.4666666666666663,89.92463768115942,1.1478260869565218,3
1.6695652173913043,2.5661835748792274,2.782608695652174,92.10048309178744,0.8811594202898552,3
2.0310679611650486,3.6582524271844665,3.5417475728155337,89.69320388349514,1.075728155339806,3
1.8160284247927359,1.8870904066324516,1.7568101065929727,93.5254638768259,1.0146071851559417,3
1.3445112306232205,1.9060423916482125,1.8823157228725087,94.14346725719709,0.7236633976589687,3
2.17894484795275,3.096815388299146,2.4463245270971345,90.80533163061698,1.4725836060340012,3
2.146919810942882,2.291115917648001,2.5514699991989103,91.66466394296243,1.345830329247777,3
2.5064787819889864,3.040978296080337,2.8385163589245224,90.0591188856495,1.5549076773566568,3
2.5126036753943732,4.0494389331598635,6.749064888599772,85.47324768255001,1.215644820295983,3
1.9202544031311153,3.3431180691454663,4.072896281800391,89.76272015655577,0.9010110893672537,3
2.3929316480549763,2.8265226817196383,3.6977952304986292,89.52836748885343,1.5543829508733178,3
2.4547697368421053,3.087993421052632,2.9851973684210527,89.98766447368422,1.484375,3
1.8636647904940586,3.0268918073796125,4.431936627058578,89.74358974358975,0.9339170314780071,3
1.525437934791719,2.229486212387897,3.6836811667085745,91.74000502891627,0.821389657195541,3
2.9510566823999658,4.61368371816133,4.014117446953268,86.80103754730621,1.620104605179232,3
2.1601394735723094,3.070119488029936,3.1849300506016927,90.42394863290386,1.1608623548922055,3
3.4401709401709404,5.5256410256410255,5.149572649572649,84.12393162393163,1.7606837606837609,3
2.556793642567159,2.885030664248078,3.3989807376695174,89.62598255161095,1.533212403904293,3
2.820247041547897,2.3926751317266994,2.9843655523883563,90.01036537963203,1.7923468947050187,3
2.556793642567159,2.885030664248078,3.3989807376695174,89.62598255161095,1.533212403904293,3
2.1429810862398058,4.121117473538088,5.357452715599514,87.2679160159639,1.1105327086586847,3
3.1833486378940923,4.2371769644496915,5.5140146049236956,85.37758537758538,1.6878744151471423,3
2.986575713848441,3.699330972058245,4.289649744195199,87.2272508636145,1.7971927062836155,3
2.5428194993412383,3.5968379446640317,4.975845410628019,87.39130434782608,1.4931927975406236,3
2.287121745249824,4.323539760731879,4.948099929627023,87.20091484869809,1.2403237156931737,3
2.7665376495425757,5.0492610837438425,4.706192821956369,86.10573539760732,1.3722730471498945,3
1.5794799595230762,2.705794359628668,4.500857934796955,90.51432091161071,0.6995468344405825,3
0.39654229388123946,0.8132981379753157,1.5457420750992843,96.9721290813536,0.2722884116905662,4
0.4793711238589682,0.7450761912341817,1.2899552464506332,97.2186679237659,0.2669295146903066,4
0.6352636127917027,0.8513396715643906,1.671811334732683,96.43783183109026,0.40375354982096556,4
0.5464075557533502,0.9512683578104139,1.9606388765267269,96.19678089304257,0.3449043168669337,4
0.47675882692408583,1.024998688421384,1.9529405592571218,96.23052305755206,0.31477886784533865,4
0.6702786377708978,1.1726006191950464,2.0356037151702786,95.69582043343652,0.42569659442724456,4
0.7233397630201157,0.830979608707633,2.106296500413337,95.83132405621383,0.5080600716450813,4
0.8613916947250281,1.5778151889263001,2.07351290684624,94.950430228208,0.5368499812944257,4
0.4855387667887668,1.188568376068376,2.2617139804639805,95.7360347985348,0.32814407814407814,4
0.6587276467795538,0.8258822598512423,1.542965659123279,96.56887956955215,0.4035448646937807,4
0.5993048064245475,1.415358184505973,1.916776539214511,95.75991849454633,0.30864197530864196,4
0.7726468933365485,1.1283256972912146,2.8152881601157462,94.79141548107066,0.4923237681858371,4
0.5964937804611915,1.5909964771534568,3.2609712248906257,94.23874299847239,0.31279551902233216,4
0.6961311589174185,1.3293719639139487,2.8018736988202635,94.7551613462873,0.4174618320610687,4
0.7394084732214229,1.000310862421174,1.8474109601207922,95.95434763300472,0.45852207123190336,4
0.6306306306306306,0.8569819819819819,1.6981981981981982,96.39189189189189,0.4222972972972973,4
1.0318949343339587,1.5322076297686054,2.9543464665415886,93.8223889931207,0.659161976235147,4
0.6359649122807017,1.1558307533539731,2.2432920536635708,95.56759545923632,0.3973168214654283,4
0.547531512605042,1.0924369747899159,2.0023634453781516,95.9860819327731,0.37158613445378147,4
0.7468300021491511,1.0221899849559424,2.021545239630346,95.71513002364065,0.49430474962389853,4
0.7571622510531694,1.3743684483072316,2.3792529145848205,95.05115393766357,0.4380624483912052,4
0.8510337015009911,1.2900028320589068,3.1648258283772304,94.1801189464741,0.5140186915887851,4
0.86557118602959,1.5643948581130247,2.1859083191850597,94.82931118117875,0.5548144554935727,4
0.8012845740912741,1.1617839207845977,2.7958377280669993,94.77197235646932,0.4691214205878186,4
0.8547413656902708,1.8959143046734288,4.393781401080671,92.27888899421745,0.5766739343381679,4
0.9882985452245415,1.4595192915876027,2.8526249209361163,94.0796963946869,0.6198608475648324,4
1.2294555726759118,1.9757960965588084,3.3143939393939394,92.76771956856703,0.7126348228043143,4
1.1478345815695215,1.872354281992836,3.3441875610550307,92.91598827743405,0.719635297948551,4
0.6361703541292938,1.2075609594046905,2.170952096206232,95.6248754235599,0.3604411666998871,4
0.6324888435995644,1.1086123897536806,2.9059348536491094,94.8996802417513,0.4532836712463544,4
0.5792349726775957,1.0837887067395264,2.063752276867031,95.95264116575592,0.3205828779599271,4
0.6887774200793592,1.5516208729505128,2.275960170697013,95.05877068203938,0.42487085423373516,4
0.722755505364201,1.334462638810465,2.100508187464709,95.44513457556936,0.3971390927912667,4
